-3.7642882478706277 
-3.943818087455504 
1.1857522137832672 
-4.062815215374688 
-6.0433670455580115 
-5.710997492520398 
-3.8463022696962157 
4.348878744320678 
-6.545232877303087 
5.387462181269554 
-3.2840899141289097 
-3.2840899141289097 
-3.2840899141289097 
3.597924599494453 
-4.165751619602768 
4.364000139673739 
4.310572274233042 
-1.8825587412703588 
-1.8825587412703588 
2.6297329674854706 
2.6297329674854706 
-1.5980882952432167 
5.070322924148921 4.432433383776928 
-2.3729360594544966 
-2.3729360594544966 
-3.159396993375279 
-1.2226615299877395 
-0.07644841753662257 
6.563367548523145 
6.563367548523145 
7.532750135593177 
-5.556693068758022 
-6.462109966558072 
-0.35234553608998753 
6.821905958314112 5.590317917341838 4.527921347760888 1.8436362928497385 3.6424139739577415 
-3.722955950960086 
2.2204146374669356 
-5.5348800339403335 
-2.936266663412489 
-3.020150107052115 
4.382869781846933 
0.3300879464436015 
-3.4444169023914304 
-2.649423827405704 
-3.020150107052115 
-1.9028133865045458 
-4.138530014311066 
-2.4554093595613935 
-2.645788315637104 
-2.936266663412489 
-4.813868244896071 
-4.669226064632776 
-1.151364140046947 
1.3267241070305305 
-6.307453619948361 
-3.020150107052115 
-3.020150107052115 
-3.2164057632126197 
3.2037751407274957 
-3.2164057632126197 
-2.936266663412489 
-2.455266813373289 
3.2037751407274957 
3.704780330375848 
-3.2164057632126197 
-3.2164057632126197 
-3.2164057632126197 
5.317125709730873 4.154591962301744 
-2.936266663412489 
-3.020150107052115 
2.6138393301313956 
-2.936266663412489 
-5.301193331953502 
-0.6449853938532202 
0.7002727266206933 
-0.34556581315921864 
2.7922553697677928 
-4.825298987658882 
-4.825298987658882 
-3.8463022696962157 
-5.714409873525209 
-6.337358613310839 
6.032457495400531 -0.5197271364857137 
-3.0300116807988804 
-4.825298987658882 
5.525780111961794 
3.290852151940735 
-3.2449367916316216 
-3.105523539583026 
-1.9124776483355734 
-3.020150107052115 
3.599062705572396 2.6138393301313956 
-5.529691937845846 
-5.529691937845846 
6.295905109722425 2.6138393301313956 
-1.9399476949202885 
4.432433383776928 
-7.083549464397976 
-3.269796088366269 
0.6737341881873989 -0.027487981962494502 7.374835785709774 3.430994676868634 
-2.033060300260187 
-1.388788234962551 
-6.0433670455580115 
-4.599288507800859 
-2.011318348229648 
-2.011318348229648 
-2.9414771540458973 
-4.825298987658882 
-3.722955950960086 
-3.722955950960086 
-2.033060300260187 
-1.2994895291676567 
3.755042130909035 0.2153621665330465 
-3.935530036440271 
3.2037751407274957 
-3.2164057632126197 
-2.936266663412489 
-2.455266813373289 
3.2037751407274957 
3.704780330375848 
-3.2164057632126197 
-2.936266663412489 
-3.178339856751725 
-6.348214814396856 
-0.38178151105194136 
5.0101431374912595 
-2.5500336495274043 
-6.348214814396856 
1.7141937283873512 
-4.165751619602768 
-4.1504457056349695 
-0.6886918210007403 
-1.9135696879417323 